mapname: Pendulum
track: pendulum2.wav
bpm: 60
offset: 0

streamstart
Main
[0.25]2
[0.375]3
[0.5]1
[0.625]4
[0.875]
[1]3
[1.25]3
[1.375]2
[1.5]4
[1.625]1
[2.125]2~
[2.625]2
[2.875]2
[3.125]3~
[3.375]2
[3.5]1
[3.75]1
[4]3~
[4.25]3
[4.375]2
[4.5]4
[4.625]1
[5.125]1~
[5.375]Z(3,3,8,F)2
[6]Z(3,2,8,F)3
[6.625]Z(3,4,8,F)4
[7.125]
[7.375]
[7.5]2
[7.625]3
[7.875]
[8]1
[8.25]2
[8.5]2
[8.75]4
[8.875]3
[9]4
[9.125]2
[9.625]2~~
[9.875]2
[10.125]3
[10.25]4
[10.5]2
[10.75]1
[11]2
[11.25]3
[11.375]4
[11.625]
[11.75]1
[12]2~
[12.25]3
[12.75]3
[12.875]4
[13]3
[13.25]2
[13.75]Z(3,3,8,F)1
[14.125]Z(3,3,8,F)2
[14.5]2~
[14.625]3
[14.75]2
[14.875]4~
[15]2
[15.5]2
[15.75]4
[16]3
[16.5]2
[16.75]3
[16.875]3
[17]2
[17.5]4
[17.75]
[17.875]2
[18]1
[18.5]2
[18.75]4
[18.875]4
[19]3
[19.5]
[19.75]3
[20]2
[20.5]2~
[21]3
[21.125]2
[21.625]2
[22.125]3
[22.375]
[22.5]1~
[22.75]2
[23]2
[23.5]2
[23.75]3
[23.875]4
[24]3
[24.125]
[24.625]3
[24.875]2
[25]1
[25.125]2
[25.25]
[25.5]4~
[25.75]4
[25.875]2
[26]4~
[26.5]2
[26.75]1~
[27]1~
[27.5]2
[27.75]3
[28]4
[28.5]2
[28.75]1
[28.875]3
[29]4
[29.5]2
[29.75]3
[29.875]4
[30]3
[30.5]2
[31]3
[31.5]1
[31.75]2
[31.875]3
[32]4
[32.5]
[33]2~
[33.5]
[34]2
[34.25]4
[34.5]1
[34.75]3
[35]2
[35.25]1
[35.5]4~
[36]1
[36.5]3~
[36.75]2~
[37]3
[38]2
[38.25]2
[38.5]1
[38.75]3
[39]1
[39.25]3~
[39.5]2
[40]4~~
[40.5]4
[41]3~~~
[41.5]2
[41.75]1
[42]3~
[42.5]
[42.75]2
[43]3
[43.25]3
[43.5]2
[43.75]4
[44]3
[44.5]2~
[44.75]2
[45]1~
[45.5]1
[45.75]3
[46]3~
[46.25]2
[46.5]3
[46.75]3
[47]4
[47.25]1~
[47.75]
[48]2
[48.5]1~
[48.75]3
[48.875]3
[49]4~
[49.5]2~
[49.75]
[50]4
[50.125]1
[50.375]
[50.5]2~
[50.75]3~
[50.875]3~
[51]4
[51.5]
[51.625]1~
[51.875]3
[52.375]2
[52.875]3
[53]4
[53.5]3
[54]2
[54.5]3
[54.75]1
[55]2
[55.5]2~
[55.75]Z(3,3,8,F)2
[56.5]2~
[56.75]4
[56.875]3
[57]3
[57.5]1
[57.75]3
[57.875]2
[58]2
[58.5]1~
[58.75]1~
[59]3~
[59.5]3
[59.75]4
[60]2
[60.5]2~
[60.75]4
[60.875]3
[61]3
[61.5]1~
[61.75]Z(3,2,8,F)1
[62.5]3
[63]4
[64]2
[65.75]2
[65.875]3
[65.9375]2
[66]3
[66.5]2
[67]3
End

Sub1
End

Sub2
End

