mapname: playTemp
track: rhythm1.mp3
bpm: 100
offset: 0

streamstart
Main
[0.5]Z(4,1,2,T)1
[0.5]M(Sub1)1
[8.25]2~
[8.5]Z(2,3,0.25,F)1
[9]H(0.5)3
[9.625]4
[9.875]2
[10.125]3
[10.375]2
[10.625]H(0.5)4
[10.875]3
[11.125]2
[11.625]Z(3,3,0.25,F)1
[12.375]1~
[12.625]3
[12.875]4
[13.125]H(0.5)3
[13.875]1
[14.125]H(0.5)2
[14.375]3
[14.625]X(0.5,1)4
[14.875]3
[15.375]1
[15.625]X(0.5,1)2
[15.875]1
[16.25]H(1)1
[16.25]2
[17]X(1,1)2
[17.75]2
[18.25]1
[18.5]2
[19.25]H(1)1
[19.5]Z(2,3,0.25,F)2
[20]X(1,1)4
[20.625]3
[20.875]2
[21.125]3
[21.625]X(0.5,1)1
[21.875]2
[22.5]X(1.25,1)2~
[23.125]4
[24.125]H(0.25)3
[24.625]H(0.25)4
[24.875]3
[25.25]Z(3,2,0.25,T)1
[25.25]H(0.125)1
[25.25]X(0.75,2)3
[25.75]4
[26]Z(3,2,0.25,T)1
[26]H(0.125)1
[26.5]4
[27]1
[27.25]1~
[27.5]4~
[27.75]1~
[28]Z(8,-2,0.25,F)4
[29.5]Z(7,-2,0.25,T)1
[29.5]H(0.25)1
[30.25]4
[30.75]X(0.5,2)4
[31]X(0.5,2)4
[31.25]H(1)3
[32.25]Z(3,3,0.25,F)1
[32.25]H(0.25)4
[33]Z(3,3,0.25,F)1
[33.25]H(0.25)4
[33.75]Z(3,3,0.25,F)1
[34]H(0.25)4
[34.75]H(0.25)4
[34.75]2
[35.5]Z(3,-3,0.25,F)3
[36.25]X(0.5,1)3
[36.5]X(0.5,1)4
[36.75]H(0.25)1
[37]H(0.25)2
[37.25]H(0.25)4
[37.25]X(0.75,1)2
[37.5]H(0.25)3
[38]H(0.25)3
[38.25]H(0.25)2
[38.5]H(0.25)1
[38.75]H(0.25)2
[39]H(0.25)4
[39.25]H(0.25)3
[39.5]H(0.25)1
[39.75]H(0.25)2
[40.25]M(Sub1)1
[41]X(1,1)3
[42.5]X(1,1)3
[43.75]X(1,1)3
[45]X(1,1)3
[46.5]X(1,1)3
[47.75]4
[48]4
[48.25]1
[48.75]2
[49]3
[49.25]4
[49.5]3
[49.75]2
[50]H(1)4
[51]2
[51.25]3
[51.75]2
[52.25]3
[52.75]1
[53]2
[53.25]3
[53.5]2
[53.75]4~
[54]2
[54.5]H(0.5)1
[55]H(0.5)4
[55.5]H(0.5)1
[56.25]2
[56.75]3
[57]4
[57.25]1
[57.5]2
[57.75]3
[58]2
[59]3
[59.5]1
[59.75]2
[60.25]3
[60.5]H(0.5)4
[61]3
[61.25]H(0.5)4
[61.75]3
[62]H(0.5)4
[62.5]3
[62.75]H(0.5)4
[63.25]H(0.5)1~
[64.25]3
[64.75]1
[65]2
[65.25]4
[65.5]3
[65.75]1
[66]3~
[67]1
[67.25]2
[67.75]3
[68.25]1
[68.75]3
[69]2
[69.25]4
[69.5]2
[69.75]1
[70]2
[70.5]H(0.5)1
[71]H(0.5)2
[71.5]H(0.5)3
[72.25]4
[72.75]1
[73]2
[73.25]4
[73.5]3
[73.75]1
[74]3
[75]1
[75.25]2
[75.75]3
[76.25]1
[76.25]4
[76.5]H(0.5)3
[76.5]H(0.5)2
[77]1
[77]4
[77.25]H(0.5)2
[77.25]H(0.5)3
[77.75]1
[77.75]4
[78]H(0.5)2
[78]H(0.5)3
[78.5]1
[78.5]4
[78.75]H(0.5)2
[78.75]H(0.5)3
[79.25]H(1)1
[79.25]H(1)4
End

Sub1
[0]1
[0.25]Z(2,-2,0.25,F)4
[1]4
[1.25]Z(2,2,0.25,F)1
End

Sub2
End

