mapname: rhythm_1
track: rhythm1.mp3
bpm: 100
offset: 0

streamstart
Main
[0.5]Z(4,1,2,T)1
[0.5]M(Sub1)1
[8.25]2~
[8.5]Z(2,3,0.25,F)1
[9]H(0.5)3
[9.625]4
[9.875]2
[10.125]3
[10.375]2
[10.625]H(0.5)4
[10.875]3
[11.125]2
[11.625]Z(3,3,0.25,F)1
[12.375]1~
[12.625]3
[12.875]4
[13.125]H(0.5)3
[13.875]1
[14.125]H(0.5)2
[14.375]3
[14.625]X(0.5,1)4
[14.875]3
[15.375]1
[15.625]X(0.5,1)2
[15.875]1
[16.25]H(1)1
[16.25]2
[17]X(1,1)2
[17.75]2
[18.25]1
[18.5]2
[19.25]H(1)1
[19.5]Z(2,3,0.25,F)2
[20]X(1,1)4
[20.625]3
[20.875]2
[21.125]3
[21.625]X(0.5,1)1
[21.875]2
[22.5]X(1.25,1)2~
[23.125]4
[24.125]H(0.25)3
[24.625]H(0.25)4
[24.875]3
[25.25]H(0.125)1
[25.25]Z(3,3,0.125,T)1
End

Sub1
[0]1
[0.25]Z(2,-2,0.25,F)4
[1]4
[1.25]Z(2,2,0.25,F)1
End

Sub2
End

